- The project is out-of-sync -- use `renv::status()` for details.
seed 1 shortfall 0 budget 20000 elapsed 1.55 
seed 2 shortfall 0 budget 20000 elapsed 1.74 
seed 3 shortfall 0.009775721 budget 20000 elapsed 1.58 
seed 4 shortfall 0 budget 20000 elapsed 1.7 
seed 5 shortfall 0 budget 20000 elapsed 1.68 
seed 6 shortfall 0 budget 20000 elapsed 1.56 
seed 7 shortfall 0 budget 20000 elapsed 1.71 
seed 8 shortfall 0 budget 20000 elapsed 1.62 
seed 9 shortfall 0 budget 20000 elapsed 1.52 
seed 10 shortfall 0 budget 20000 elapsed 1.53 
seed 11 shortfall 0 budget 20000 elapsed 1.6 
seed 12 shortfall 0 budget 20000 elapsed 1.79 
seed 13 shortfall 0 budget 20000 elapsed 2.03 
seed 14 shortfall 0 budget 20000 elapsed 2.67 
seed 15 shortfall 0 budget 20000 elapsed 2.14 
seed 16 shortfall 0 budget 20000 elapsed 1.71 
seed 17 shortfall 0 budget 20000 elapsed 1.6 
seed 18 shortfall 0 budget 20000 elapsed 1.53 
seed 19 shortfall 0 budget 20000 elapsed 1.7 
seed 20 shortfall 0 budget 20000 elapsed 1.67 
seed 21 shortfall 0 budget 20000 elapsed 1.63 
seed 22 shortfall 0 budget 20000 elapsed 1.56 
seed 23 shortfall 0 budget 20000 elapsed 1.63 
seed 24 shortfall 0 budget 20000 elapsed 1.66 
seed 25 shortfall 0 budget 20000 elapsed 1.81 
seed 26 shortfall 0.009775721 budget 20000 elapsed 1.94 
seed 27 shortfall 0 budget 20000 elapsed 1.51 
seed 28 shortfall 0 budget 20000 elapsed 1.55 
seed 29 shortfall 0.009775721 budget 20000 elapsed 1.59 
seed 30 shortfall 0 budget 20000 elapsed 1.5 
Arm N 5000 ; exact best/worst: 0.6825927 0.007978247 
            seed  trueBest   trueWorst selectedTrue   shortfall     pBest
5000,5000      1 0.6825927 0.007978247    0.6825927 0.000000000 0.6811409
5000,50001     2 0.6825927 0.007978247    0.6825927 0.000000000 0.6839908
4999,5001      3 0.6825927 0.007978247    0.6728170 0.009775721 0.6790410
5000,50002     4 0.6825927 0.007978247    0.6825927 0.000000000 0.6840158
5000,50003     5 0.6825927 0.007978247    0.6825927 0.000000000 0.6827909
5000,50004     6 0.6825927 0.007978247    0.6825927 0.000000000 0.6846658
5000,50005     7 0.6825927 0.007978247    0.6825927 0.000000000 0.6790410
5000,50006     8 0.6825927 0.007978247    0.6825927 0.000000000 0.6802910
5000,50007     9 0.6825927 0.007978247    0.6825927 0.000000000 0.6799910
5000,50008    10 0.6825927 0.007978247    0.6825927 0.000000000 0.6830908
5000,50009    11 0.6825927 0.007978247    0.6825927 0.000000000 0.6776911
5000,500010   12 0.6825927 0.007978247    0.6825927 0.000000000 0.6811909
5000,500011   13 0.6825927 0.007978247    0.6825927 0.000000000 0.6822409
5000,500012   14 0.6825927 0.007978247    0.6825927 0.000000000 0.6787411
5000,500013   15 0.6825927 0.007978247    0.6825927 0.000000000 0.6899405
5000,500014   16 0.6825927 0.007978247    0.6825927 0.000000000 0.6816659
5000,500015   17 0.6825927 0.007978247    0.6825927 0.000000000 0.6835908
5000,500016   18 0.6825927 0.007978247    0.6825927 0.000000000 0.6808160
5000,500017   19 0.6825927 0.007978247    0.6825927 0.000000000 0.6796410
5000,500018   20 0.6825927 0.007978247    0.6825927 0.000000000 0.6818409
5000,500019   21 0.6825927 0.007978247    0.6825927 0.000000000 0.6837908
5000,500020   22 0.6825927 0.007978247    0.6825927 0.000000000 0.6841658
5000,500021   23 0.6825927 0.007978247    0.6825927 0.000000000 0.6799910
5000,500022   24 0.6825927 0.007978247    0.6825927 0.000000000 0.6806910
5000,500023   25 0.6825927 0.007978247    0.6825927 0.000000000 0.6806660
5001,4999     26 0.6825927 0.007978247    0.6728170 0.009775721 0.6824159
5000,500024   27 0.6825927 0.007978247    0.6825927 0.000000000 0.6827909
5000,500025   28 0.6825927 0.007978247    0.6825927 0.000000000 0.6783411
4999,50011    29 0.6825927 0.007978247    0.6728170 0.009775721 0.6742663
5000,500026   30 0.6825927 0.007978247    0.6825927 0.000000000 0.6819659
                 pWorst straddles budget seconds
5000,5000   0.006746627      TRUE  20000    1.55
5000,50001  0.006746627      TRUE  20000    1.74
4999,5001   0.006496752      TRUE  20000    1.58
5000,50002  0.006746627      TRUE  20000    1.70
5000,50003  0.006746627      TRUE  20000    1.68
5000,50004  0.006996502      TRUE  20000    1.56
5000,50005  0.006746627      TRUE  20000    1.71
5000,50006  0.006996502      TRUE  20000    1.62
5000,50007  0.006996502      TRUE  20000    1.52
5000,50008  0.006996502      TRUE  20000    1.53
5000,50009  0.006746627      TRUE  20000    1.60
5000,500010 0.006496752      TRUE  20000    1.79
5000,500011 0.006746627      TRUE  20000    2.03
5000,500012 0.006996502      TRUE  20000    2.67
5000,500013 0.006246877      TRUE  20000    2.14
5000,500014 0.006746627      TRUE  20000    1.71
5000,500015 0.006496752      TRUE  20000    1.60
5000,500016 0.006496752      TRUE  20000    1.53
5000,500017 0.007246377      TRUE  20000    1.70
5000,500018 0.006996502      TRUE  20000    1.67
5000,500019 0.006746627      TRUE  20000    1.63
5000,500020 0.006746627      TRUE  20000    1.56
5000,500021 0.006496752      TRUE  20000    1.63
5000,500022 0.006746627      TRUE  20000    1.66
5000,500023 0.006496752      TRUE  20000    1.81
5001,4999   0.006246877      TRUE  20000    1.94
5000,500024 0.006496752      TRUE  20000    1.51
5000,500025 0.006746627      TRUE  20000    1.55
4999,50011  0.006996502      TRUE  20000    1.59
5000,500026 0.006746627      TRUE  20000    1.50
Shortfall distribution:
          0%          25%          50%          75%          90%          95% 
0.0000000000 0.0000000000 0.0000000000 0.0000000000 0.0009775721 0.0097757215 
        100% 
0.0097757215 
Winners retaining only coarse scoring: 0 of 30 
