183 200 
183 400 
183 600 
183 800 
183 1000 
183 1200 
183 1400 
183 1600 
183 1800 
183 2000 
case 183 independent selection repetitions 2000 exact best 0.9320444 best top50 0.9293438 
                                 mean                low               high
allSelectedTruth    0.931313754146214  0.931282687576149  0.931344820716279
rankSelectedTruth   0.928324337797177  0.928286623369136  0.928362052225218
rankMinusAllTruth  -0.002989416349037 -0.003038929905584 -0.002939902792489
allEstimationBias   0.001625845853786  0.001572788713989  0.001678902993583
rankEstimationBias  0.001623724702823  0.001565727764352  0.001681721641294
allOracleRegret     0.000730679832613  0.000699613262548  0.000761746402679
rankOracleRegret    0.003720096181650  0.003682381753609  0.003757810609691
153 200 
153 400 
153 600 
153 800 
153 1000 
153 1200 
153 1400 
153 1600 
153 1800 
153 2000 
case 153 independent selection repetitions 2000 exact best 0.9437036 best top50 0.9416869 
                                 mean                low               high
allSelectedTruth    0.942820498154164  0.942790734930445  0.942850261377884
rankSelectedTruth   0.940398488648993  0.940360918201496  0.940436059096491
rankMinusAllTruth  -0.002422009505171 -0.002470453416471 -0.002373565593871
allEstimationBias   0.001506201845835  0.001459623202496  0.001552780489175
rankEstimationBias  0.001462411351007  0.001412195217797  0.001512627484216
allOracleRegret     0.000883127579584  0.000853364355864  0.000912890803304
rankOracleRegret    0.003305137084755  0.003267566637257  0.003342707532253
181 200 
181 400 
181 600 
181 800 
181 1000 
181 1200 
181 1400 
181 1600 
181 1800 
181 2000 
case 181 independent selection repetitions 2000 exact best 0.4566075 best top50 0.4565004 
                                mean               low              high
allSelectedTruth   0.455994374400034 0.455971213967518 0.456017534832549
rankSelectedTruth  0.456341872735017 0.456336997919789 0.456346747550245
rankMinusAllTruth  0.000347498334983 0.000323941366423 0.000371055303543
allEstimationBias  0.004142213099966 0.004044944011979 0.004239482187954
rankEstimationBias 0.004272727264983 0.004178767525521 0.004366687004445
allOracleRegret    0.000613169833661 0.000590009401146 0.000636330266176
rankOracleRegret   0.000265671498678 0.000260796683450 0.000270546313905
